{
 "cells": [
  {
   "cell_type": "code",
   "execution_count": 1,
   "metadata": {},
   "outputs": [],
   "source": [
    "import numpy as np\n",
    "import scipy.io as spio\n",
    "\n",
    "import numpy as np\n",
    "import matplotlib.pyplot as plt\n",
    "from mpl_toolkits.mplot3d import Axes3D\n",
    "\n",
    "import sys\n",
    "sys.path.append('../../utils/')\n",
    "\n",
    "from analytical_fit import Get_Det_And_Rates\n",
    "from basis_utils import Sx,Sy,Sz"
   ]
  },
  {
   "cell_type": "code",
   "execution_count": 2,
   "metadata": {},
   "outputs": [
    {
     "data": {
      "text/plain": [
       "0"
      ]
     },
     "execution_count": 2,
     "metadata": {},
     "output_type": "execute_result"
    }
   ],
   "source": [
    "import openfermion as of\n",
    "\n",
    "of.commutator(Sy(0)*Sx(1),Sz(0)*Sz(1))\n"
   ]
  },
  {
   "cell_type": "code",
   "execution_count": 3,
   "metadata": {},
   "outputs": [],
   "source": [
    "def get_coords(filename):\n",
    "\n",
    "    loadMat = spio.loadmat(filename,squeeze_me=True)\n",
    "\n",
    "    coords = loadMat['spin_system']['inter'].item()['coordinates'].item()\n",
    "\n",
    "    rep_coords = np.zeros([len(coords),3])\n",
    "\n",
    "    for i in range(len(coords)):\n",
    "        \n",
    "        rep_coords[i,:] = coords[i]\n",
    "\n",
    "    return rep_coords\n",
    "\n",
    "\n",
    "def get_zeemanfreqs(filename):\n",
    "    \"\"\"\n",
    "    Get zeeman frequencies as the average of the zeeman frequency tensors for each spin \n",
    "    \"\"\"\n",
    "\n",
    "    loadMat = spio.loadmat(filename,squeeze_me=True)\n",
    "    zeem_mats = loadMat['spin_system']['inter'].item()['zeeman'].item()['matrix'].item()\n",
    "\n",
    "    freqs = np.zeros(len(zeem_mats))\n",
    "\n",
    "    for i in range(len(freqs)):\n",
    "        freqs[i] = np.trace(zeem_mats[i])/3.0\n",
    "\n",
    "    return freqs\n",
    "\n",
    "def get_chemshifts(filename):\n",
    "    \"\"\"\n",
    "    Return list of chemical shifts in rad s-1 for all nuclei, zero-ing the lowest-frequency spins \n",
    "    \"\"\"\n",
    "    \n",
    "    zeemanfreqs = get_zeemanfreqs(filename)\n",
    "\n",
    "    Nspins = len(zeemanfreqs)\n",
    "\n",
    "    min_freq = np.min(zeemanfreqs)\n",
    "\n",
    "    return zeemanfreqs-min_freq\n",
    "\n",
    "\n",
    "def get_Jcouplings(filename):\n",
    "\n",
    "\n",
    "    loadcoups = spio.loadmat(filename,squeeze_me=True)\n",
    "\n",
    "    testJmat = loadcoups['Couplings']['inter'].item()['coupling'].item()['scalar'].item()\n",
    "    testC = loadcoups['Couplings']['carbon13'].item()\n",
    "    testN = loadcoups['Couplings']['nitrogen15'].item()\n",
    "    testD = loadcoups['Couplings']['deuterons'].item()\n",
    "    testsum = testC+testN+testD\n",
    "\n",
    "    rm_idxs = np.where(testsum == 1)[0]\n",
    "\n",
    "    filt_mat = np.delete(testJmat,rm_idxs, axis=0)\n",
    "    filt_mat = np.delete(filt_mat,rm_idxs,axis=1)\n",
    "\n",
    "    ###Cleaning up the matrix of J couplings....\n",
    "    \n",
    "    for i in range(filt_mat.shape[0]):\n",
    "        for j in range(filt_mat.shape[1]):\n",
    "            if isinstance(filt_mat[i, j], np.ndarray):\n",
    "                filt_mat[i, j] = 0.0\n",
    "\n",
    "\n",
    "    return filt_mat\n",
    "\n"
   ]
  },
  {
   "cell_type": "code",
   "execution_count": 8,
   "metadata": {},
   "outputs": [],
   "source": [
    "#root_gb1_files ='../../../matlab_analysis/'\n",
    "root_gb1_files ='./'\n",
    "\n",
    "gb1_sys = root_gb1_files+'gb1_allmeths.mat'\n",
    "#gb1_sys = root_gb1_files+'gb1_LEU_VAL_ILE.mat'\n",
    "gb1_coups = root_gb1_files+'intercouplings.mat'\n",
    "\n",
    "\n",
    "loadMat = spio.loadmat(gb1_sys,squeeze_me=True)\n",
    "#loadcoups = spio.loadmat(gb1_coups,squeeze_me=True)\n"
   ]
  },
  {
   "cell_type": "code",
   "execution_count": 9,
   "metadata": {},
   "outputs": [],
   "source": [
    "load_coups =  spio.loadmat(gb1_coups,squeeze_me=True)"
   ]
  },
  {
   "cell_type": "code",
   "execution_count": 10,
   "metadata": {},
   "outputs": [
    {
     "data": {
      "text/plain": [
       "array((array((array((array([129.993, 53.806, 175.906, 33.765, 31.965, 17.087, 4.564, 1.877,\n",
       "       1.972, 2.436, 2.522, 1.993, 1.993, 1.993, 113.784, 44.309, 171.605,\n",
       "       8.503, 3.677, 4.365, 118.175, 62.606, 174.049, 69.335, 21.579,\n",
       "       8.12, 4.847, 3.804, 1.141, 1.141, 1.141, 128.383, 56.604, 174.343,\n",
       "       42.726, 133.371, 133.097, 117.476, 117.46, 9.322, 5.286, 2.763,\n",
       "       3.297, 7.136, 7.136, 6.944, 6.944, 124.578, 54.879, 172.719,\n",
       "       35.767, 25.366, 28.945, 41.768, 9.119, 5.17, 1.795, 1.987, 1.271,\n",
       "       1.406, 1.555, 1.555, 2.705, 2.794, 128.438, 52.515, 174.539,\n",
       "       42.445, 26.944, 24.389, 25.792, 8.571, 4.861, -1.182, 0.703, 0.809,\n",
       "       0.471, 0.471, 0.471, 0.528, 0.528, 0.528, 128.107, 60.133, 174.648,\n",
       "       37.871, 27.143, 16.934, 12.532, 9.061, 4.248, 1.941, 1.03, 1.35,\n",
       "       0.739, 0.739, 0.739, 0.707, 0.707, 0.707, 127.513, 54.269, 174.761,\n",
       "       41.895, 27.264, 25.506, 25.758, 8.677, 4.405, 1.297, 1.4, 1.234,\n",
       "       0.697, 0.697, 0.697, 0.707, 0.707, 0.707, 128.294, 50.764, 175.764,\n",
       "       37.628, 113.146, 8.882, 5.232, 2.462, 2.961, 6.747, 7.122, 111.495,\n",
       "       44.61, 173.46, 7.891, 3.999, 4.351, 122.984, 58.952, 178.927,\n",
       "       32.461, 25.438, 28.812, 41.892, 9.48, 4.013, 1.778, 1.778, 1.42,\n",
       "       1.42, 1.62, 1.62, 2.94, 2.94, 110.265, 61.658, 173.729, 69.583,\n",
       "       21.634, 8.793, 4.339, 4.187, 1.088, 1.088, 1.088, 127.37, 54.964,\n",
       "       173.266, 43.175, 27.276, 25.236, 24.002, 7.334, 4.41, 1.366, 1.515,\n",
       "       1.363, 0.746, 0.746, 0.746, 0.836, 0.836, 0.836, 125.672, 53.488,\n",
       "       176.389, 34.608, 25.168, 28.943, 42.557, 8.099, 5.119, 1.668,\n",
       "       1.852, 1.416, 1.428, 1.628, 1.699, 2.867, 2.961, 111.175, 44.939,\n",
       "       171.249, 8.389, 4.107, 4.235, 120.505, 54.559, 175.207, 33.709,\n",
       "       35.759, 8.386, 5.555, 1.889, 1.795, 2.086, 2.086, 117.606, 60.43,\n",
       "       171.917, 69.22, 18.945, 8.668, 4.676, 3.837, 0.321, 0.321, 0.321,\n",
       "       113.479, 59.603, 174.014, 73.088, 21.31, 7.996, 5.815, 4.271,\n",
       "       1.135, 1.135, 1.135, 116.681, 62.188, 171.167, 69.872, 18.988,\n",
       "       9.066, 4.649, 3.826, 0.446, 0.446, 0.446, 126.457, 54.542, 176.357,\n",
       "       30.996, 36.407, 7.96, 5.554, 1.886, 1.886, 2.176, 2.176, 126.807,\n",
       "       51.36, 177.348, 23.609, 9.244, 4.836, 1.226, 1.226, 1.226, 117.285,\n",
       "       63.252, 174.71, 32.019, 19.848, 21.014, 8.552, 4.191, 2.143, 0.938,\n",
       "       0.938, 0.938, 0.96, 0.96, 0.96, 116.261, 52.285, 174.498, 41.722,\n",
       "       7.24, 4.595, 2.984, 2.984, 122.884, 54.461, 179.088, 17.338, 8.343,\n",
       "       3.375, 1.183, 1.183, 1.183, 122.133, 54.583, 180.786, 17.785,\n",
       "       8.016, 3.913, 1.236, 1.236, 1.236, 118.229, 66.682, 176.033,\n",
       "       67.741, 20.893, 8.287, 3.646, 3.956, 1.177, 1.177, 1.177, 125.565,\n",
       "       54.653, 177.035, 17.244, 7.025, 3.037, 0.466, 0.466, 0.466,\n",
       "       118.532, 59.465, 177.249, 29.046, 35.686, 8.355, 2.574, 1.789,\n",
       "       1.904, 1.536, 1.536, 118.398, 59.574, 179.92, 32.2, 24.924, 29.165,\n",
       "       41.843, 6.909, 3.672, 1.78, 1.78, 1.271, 1.484, 1.55, 1.55, 2.832,\n",
       "       2.832, 122.487, 65.767, 179.706, 31.583, 20.219, 21.624, 7.234,\n",
       "       3.57, 1.713, 0.757, 0.757, 0.757, 0.857, 0.857, 0.857, 122.583,\n",
       "       56.017, 178.275, 37.205, 129.653, 129.817, 130.375, 130.17,\n",
       "       130.425, 8.433, 4.729, 2.812, 3.303, 6.512, 6.512, 7.047, 7.047,\n",
       "       7.203, 124.87, 59.602, 179.473, 31.416, 25.522, 28.668, 41.15,\n",
       "       9.111, 4.12, 1.513, 1.619, 0.444, 0.786, 0.987, 1.064, 1.585,\n",
       "       1.862, 121.397, 58.446, 177.006, 28.05, 33.264, 117.305, 7.365, 4,\n",
       "       2.168, 2.168, 2.382, 2.382, 6.865, 7.905, 122.884, 61.675, 178.925,\n",
       "       38.476, 132.511, 132.534, 117.985, 117.876, 8.214, 4.215, 3.25,\n",
       "       3.25, 6.924, 6.924, 6.681, 6.681, 124.451, 56.086, 179.253, 17.772,\n",
       "       9.179, 3.764, 1.792, 1.792, 1.792, 119.417, 56.772, 179.283,\n",
       "       38.714, 114.202, 8.179, 4.398, 2.891, 2.891, 6.934, 7.585, 123.269,\n",
       "       56.751, 177.086, 39.832, 8.909, 4.307, 2.51, 2.664, 117.244,\n",
       "       53.606, 173.947, 39.856, 116.791, 7.353, 4.541, 2.056, 2.641, 6.25,\n",
       "       6.601, 110.019, 46.675, 174.061, 7.757, 3.882, 122.785, 61.669,\n",
       "       173.844, 33.131, 21.342, 21.652, 8.053, 4.12, 1.672, 0.599, 0.599,\n",
       "       0.599, 0.784, 0.784, 0.784, 129.873, 52.471, 174.404, 42.748,\n",
       "       8.613, 4.85, 2.525, 2.703, 109.027, 45.188, 171.956, 7.709, 3.536,\n",
       "       4.277, 122.515, 55.444, 176.951, 31.302, 36.09, 8.128, 4.651,\n",
       "       1.922, 2.013, 2.198, 2.311, 130.281, 57.712, 176.97, 30.175,\n",
       "       126.912, 132.596, 151.51, 119.194, 114.136, 120.46, 122.802, 9.332,\n",
       "       5.315, 3.11, 3.321, 7.53, 10.486, 7.575, 7.296, 6.564, 6.693,\n",
       "       116.562, 60.375, 172.631, 72.084, 21.905, 9.248, 4.778, 4.2, 1.15,\n",
       "       1.15, 1.15, 122.368, 56.658, 173.219, 41.372, 131.887, 131.887,\n",
       "       117.135, 117.218, 8.547, 4.957, 2.472, 2.843, 6.288, 6.288, 130.3,\n",
       "       51.645, 174.472, 42.778, 7.651, 4.555, 2.212, 2.525, 126.643,\n",
       "       56.098, 177.982, 41.645, 8.464, 4.007, 2.49, 2.742, 121.761,\n",
       "       54.844, 179.657, 18.262, 8.245, 4.046, 1.446, 1.446, 1.446,\n",
       "       104.981, 60.154, 175.052, 69.939, 21.035, 6.938, 4.339, 4.356,\n",
       "       1.019, 1.019, 1.019, 125.564, 57.218, 174.849, 30.143, 24.884,\n",
       "       28.687, 42.477, 7.793, 4.074, 1.817, 1.817, 1.129, 1.301, 1.018,\n",
       "       1.226, 2.824, 2.824, 112.674, 61.995, 174.765, 71.689, 20.636,\n",
       "       7.301, 5.451, 3.698, 0.934, 0.934, 0.934, 132.958, 56.978, 174.538,\n",
       "       42.526, 131.334, 131.971, 130.793, 131.023, 130.874, 10.394, 5.66,\n",
       "       3.2, 3.244, 7.771, 7.771, 7.136, 7.136, 6.969, 118.915, 61.341,\n",
       "       172.581, 70.776, 20.473, 9.06, 5.153, 3.778, 0.916, 0.916, 0.916,\n",
       "       125.336, 57.851, 173.179, 32.224, 20.505, 19.665, 8.151, 4.429,\n",
       "       -0.257, -0.407, -0.407, -0.407, 0.33, 0.33, 0.33, 125.62, 61.253,\n",
       "       173.906, 70.692, 21.118, 8.33, 4.625, 3.804, 1.19, 1.19, 1.19,\n",
       "       135.851, 57.936, 180.386, 32.54, 37.244, 7.774, 4.251, 1.882,\n",
       "       2.109, 2.318, 2.318], dtype=object), array([array([], dtype=float64), array([], dtype=float64),\n",
       "       array([[-50.1067022 ,  26.38538928, -44.24610313],\n",
       "              [ 26.38538928,  39.78751373, -22.82513611],\n",
       "              [-44.24610313, -22.82513611,  10.31918847]]),\n",
       "       array([], dtype=float64), array([], dtype=float64),\n",
       "       array([], dtype=float64), array([], dtype=float64),\n",
       "       array([], dtype=float64), array([], dtype=float64),\n",
       "       array([], dtype=float64), array([], dtype=float64),\n",
       "       array([], dtype=float64), array([], dtype=float64),\n",
       "       array([], dtype=float64),\n",
       "       array([[  48.9147667 ,  -19.25421341,   -8.76200335],\n",
       "              [ -19.25421341, -113.5257926 ,   43.00965283],\n",
       "              [  -8.76200335,   43.00965283,   64.6110259 ]]),\n",
       "       array([], dtype=float64),\n",
       "       array([[ 37.35538008, -37.6391004 , -46.52838178],\n",
       "              [-37.6391004 ,  -3.07128799, -20.08182534],\n",
       "              [-46.52838178, -20.08182534, -34.2840921 ]]),\n",
       "       array([[ 4.69290555,  0.17284889,  4.79919251],\n",
       "              [ 0.17284889, -0.99115904, -2.75382125],\n",
       "              [ 4.79919251, -2.75382125, -3.70174652]]),\n",
       "       array([], dtype=float64), array([], dtype=float64),\n",
       "       array([[-25.62775378,  93.58273819,   2.87416614],\n",
       "              [ 93.58273819, -31.6770439 , -28.05319817],\n",
       "              [  2.87416614, -28.05319817,  57.30479767]]),\n",
       "       array([], dtype=float64),\n",
       "       array([[  9.01489196,  20.39650883,  60.78902968],\n",
       "              [ 20.39650883,  21.64628622,  20.46234059],\n",
       "              [ 60.78902968,  20.46234059, -30.66117818]]),\n",
       "       array([], dtype=float64), array([], dtype=float64),\n",
       "       array([[ 0.55118801, -0.27895295,  4.14634701],\n",
       "              [-0.27895295, -1.74190278,  5.41775545],\n",
       "              [ 4.14634701,  5.41775545,  1.19071477]]),\n",
       "       array([], dtype=float64), array([], dtype=float64),\n",
       "       array([], dtype=float64), array([], dtype=float64),\n",
       "       array([], dtype=float64),\n",
       "       array([[ 41.18519448, -62.70770098, -14.91236279],\n",
       "              [-62.70770098, -60.83967256, -70.55758938],\n",
       "              [-14.91236279, -70.55758938,  19.65447808]]),\n",
       "       array([], dtype=float64),\n",
       "       array([[ 35.87471553,  24.44944692, -48.84967956],\n",
       "              [ 24.44944692, -35.82508612,  31.71302753],\n",
       "              [-48.84967956,  31.71302753,  -0.04962941]]),\n",
       "       array([], dtype=float64), array([], dtype=float64),\n",
       "       array([], dtype=float64), array([], dtype=float64),\n",
       "       array([], dtype=float64),\n",
       "       array([[-0.40310817,  3.12294581, -5.04134578],\n",
       "              [ 3.12294581, -3.13342693,  1.6087485 ],\n",
       "              [-5.04134578,  1.6087485 ,  3.5365351 ]]),\n",
       "       array([], dtype=float64), array([], dtype=float64),\n",
       "       array([], dtype=float64), array([], dtype=float64),\n",
       "       array([], dtype=float64), array([], dtype=float64),\n",
       "       array([], dtype=float64),\n",
       "       array([[  7.21544967,  48.28899267,  80.129958  ],\n",
       "              [ 48.28899267,  40.45025035, -35.94733376],\n",
       "              [ 80.129958  , -35.94733376, -47.66570002]]),\n",
       "       array([], dtype=float64),\n",
       "       array([[ 31.41557857, -23.94769181,  41.33465995],\n",
       "              [-23.94769181, -57.08335111,  23.2553842 ],\n",
       "              [ 41.33465995,  23.2553842 ,  25.66777254]]),\n",
       "       array([], dtype=float64), array([], dtype=float64),\n",
       "       array([], dtype=float64), array([], dtype=float64),\n",
       "       array([[-1.6307919 , -4.93494177, -0.10070063],\n",
       "              [-4.93494177,  0.35258489, -4.73575795],\n",
       "              [-0.10070063, -4.73575795,  1.27820701]]),\n",
       "       array([], dtype=float64), array([], dtype=float64),\n",
       "       array([], dtype=float64), array([], dtype=float64),\n",
       "       array([], dtype=float64), array([], dtype=float64),\n",
       "       array([], dtype=float64), array([], dtype=float64),\n",
       "       array([], dtype=float64),\n",
       "       array([[ 45.75355385, -25.43277261, -67.35978109],\n",
       "              [-25.43277261,  45.18138039, -25.27608405],\n",
       "              [-67.35978109, -25.27608405, -90.93493424]]),\n",
       "       array([], dtype=float64),\n",
       "       array([[ 13.82602724,  58.8272661 , -32.67534575],\n",
       "              [ 58.8272661 , -31.37188133,  -2.25145772],\n",
       "              [-32.67534575,  -2.25145772,  17.5458541 ]]),\n",
       "       array([], dtype=float64), array([], dtype=float64),\n",
       "       array([], dtype=float64), array([], dtype=float64),\n",
       "       array([[-3.60793339,  4.48394172,  1.47119381],\n",
       "              [ 4.48394172,  3.89524948, -3.54873277],\n",
       "              [ 1.47119381, -3.54873277, -0.28731609]]),\n",
       "       array([], dtype=float64), array([], dtype=float64),\n",
       "       array([], dtype=float64), array([], dtype=float64),\n",
       "       array([], dtype=float64), array([], dtype=float64),\n",
       "       array([], dtype=float64), array([], dtype=float64),\n",
       "       array([], dtype=float64), array([], dtype=float64),\n",
       "       array([[ -3.63184367,  -4.29483092,  91.48555213],\n",
       "              [ -4.29483092,  52.37313541,  32.72649719],\n",
       "              [ 91.48555213,  32.72649719, -48.74129174]]),\n",
       "       array([], dtype=float64),\n",
       "       array([[ 21.40906546, -50.59564732,  39.62497124],\n",
       "              [-50.59564732, -38.09282207,   7.14581494],\n",
       "              [ 39.62497124,   7.14581494,  16.68375661]]),\n",
       "       array([], dtype=float64), array([], dtype=float64),\n",
       "       array([], dtype=float64), array([], dtype=float64),\n",
       "       array([[ 0.75103186, -4.97408515, -1.51031548],\n",
       "              [-4.97408515,  2.3855176 , -3.73243637],\n",
       "              [-1.51031548, -3.73243637, -3.13654946]]),\n",
       "       array([], dtype=float64), array([], dtype=float64),\n",
       "       array([], dtype=float64), array([], dtype=float64),\n",
       "       array([], dtype=float64), array([], dtype=float64),\n",
       "       array([], dtype=float64), array([], dtype=float64),\n",
       "       array([], dtype=float64), array([], dtype=float64),\n",
       "       array([[ 17.20085092,  -0.99615713, -82.82468831],\n",
       "              [ -0.99615713,  54.16368719,  31.66769469],\n",
       "              [-82.82468831,  31.66769469, -71.3645381 ]]),\n",
       "       array([], dtype=float64),\n",
       "       array([[ -2.16417625,  70.21894033, -17.42896127],\n",
       "              [ 70.21894033,  -0.2423375 ,   5.93842408],\n",
       "              [-17.42896127,   5.93842408,   2.40651375]]),\n",
       "       array([], dtype=float64), array([], dtype=float64),\n",
       "       array([], dtype=float64), array([], dtype=float64),\n",
       "       array([[-0.10490573,  5.15191014,  1.12903319],\n",
       "              [ 5.15191014,  1.95198559, -4.19125607],\n",
       "              [ 1.12903319, -4.19125607, -1.84707987]]),\n",
       "       array([], dtype=float64), array([], dtype=float64),\n",
       "       array([], dtype=float64), array([], dtype=float64),\n",
       "       array([], dtype=float64), array([], dtype=float64),\n",
       "       array([], dtype=float64), array([], dtype=float64),\n",
       "       array([], dtype=float64), array([], dtype=float64),\n",
       "       array([[-17.8957693 , -54.24009187,  65.31093163],\n",
       "              [-54.24009187,   1.22833853,  67.21390728],\n",
       "              [ 65.31093163,  67.21390728,  16.66743077]]),\n",
       "       array([], dtype=float64),\n",
       "       array([[ 22.33097763, -51.49146717,  41.1697983 ],\n",
       "              [-51.49146717, -32.18057301,  10.63194866],\n",
       "              [ 41.1697983 ,  10.63194866,   9.84959538]]),\n",
       "       array([], dtype=float64), array([], dtype=float64),\n",
       "       array([[ 3.29684217, -3.67695933,  0.29912292],\n",
       "              [-3.67695933,  2.10690415, -3.62438295],\n",
       "              [ 0.29912292, -3.62438295, -5.40374631]]),\n",
       "       array([], dtype=float64), array([], dtype=float64),\n",
       "       array([], dtype=float64), array([], dtype=float64),\n",
       "       array([], dtype=float64),\n",
       "       array([[-22.67065395, -22.3552068 , -94.11458497],\n",
       "              [-22.3552068 ,  59.08431848,   1.50150692],\n",
       "              [-94.11458497,   1.50150692, -36.41366452]]),\n",
       "       array([], dtype=float64),\n",
       "       array([[ 45.54691183,  46.65100463,  -1.52394222],\n",
       "              [ 46.65100463, -38.6105082 , -35.91181225],\n",
       "              [ -1.52394222, -35.91181225,  -6.93640362]]),\n",
       "       array([[ 0.35117302,  5.25953081,  0.66170434],\n",
       "              [ 5.25953081,  1.03553343, -4.39774711],\n",
       "              [ 0.66170434, -4.39774711, -1.38670644]]),\n",
       "       array([], dtype=float64), array([], dtype=float64),\n",
       "       array([[ -5.5945404 , -60.09481007,  77.37735288],\n",
       "              [-60.09481007,  -3.66362292,  48.59158119],\n",
       "              [ 77.37735288,  48.59158119,   9.25816332]]),\n",
       "       array([], dtype=float64),\n",
       "       array([[ -8.99365161,  -0.18396841, -57.80618641],\n",
       "              [ -0.18396841,  13.11159131,  42.40910818],\n",
       "              [-57.80618641,  42.40910818,  -4.1179397 ]]),\n",
       "       array([], dtype=float64), array([], dtype=float64),\n",
       "       array([], dtype=float64), array([], dtype=float64),\n",
       "       array([[-1.71381602, -1.05602236, -4.1089654 ],\n",
       "              [-1.05602236,  4.88220685,  3.54898793],\n",
       "              [-4.1089654 ,  3.54898793, -3.16839083]]),\n",
       "       array([], dtype=float64), array([], dtype=float64),\n",
       "       array([], dtype=float64), array([], dtype=float64),\n",
       "       array([], dtype=float64), array([], dtype=float64),\n",
       "       array([], dtype=float64), array([], dtype=float64),\n",
       "       array([], dtype=float64),\n",
       "       array([[-41.34270937,  22.399398  ,  85.9004789 ],\n",
       "              [ 22.399398  ,  73.86914967,  -5.69689298],\n",
       "              [ 85.9004789 ,  -5.69689298, -32.52644031]]),\n",
       "       array([], dtype=float64),\n",
       "       array([[ 18.04504628,  25.21113654,  27.90878365],\n",
       "              [ 25.21113654, -68.02929999,  11.5965902 ],\n",
       "              [ 27.90878365,  11.5965902 ,  49.98425371]]),\n",
       "       array([], dtype=float64), array([], dtype=float64),\n",
       "       array([[ 1.0853976 , -3.96488325,  2.75669729],\n",
       "              [-3.96488325, -4.96871813, -2.2819088 ],\n",
       "              [ 2.75669729, -2.2819088 ,  3.88332053]]),\n",
       "       array([], dtype=float64), array([], dtype=float64),\n",
       "       array([], dtype=float64), array([], dtype=float64),\n",
       "       array([], dtype=float64),\n",
       "       array([[  75.84454325,    7.66137773,  -20.08219485],\n",
       "              [   7.66137773,   46.85935082,   -7.79674177],\n",
       "              [ -20.08219485,   -7.79674177, -122.70389406]]),\n",
       "       array([], dtype=float64),\n",
       "       array([[ 35.40908948, -60.29559177,  -9.78392846],\n",
       "              [-60.29559177, -42.02679086,   3.43394636],\n",
       "              [ -9.78392846,   3.43394636,   6.61770138]]),\n",
       "       array([], dtype=float64), array([], dtype=float64),\n",
       "       array([], dtype=float64), array([], dtype=float64),\n",
       "       array([[-5.68474877, -3.22999169,  1.83848223],\n",
       "              [-3.22999169,  6.1512643 ,  0.03328432],\n",
       "              [ 1.83848223,  0.03328432, -0.46651553]]),\n",
       "       array([], dtype=float64), array([], dtype=float64),\n",
       "       array([], dtype=float64), array([], dtype=float64),\n",
       "       array([], dtype=float64), array([], dtype=float64),\n",
       "       array([], dtype=float64), array([], dtype=float64),\n",
       "       array([], dtype=float64), array([], dtype=float64),\n",
       "       array([[-31.02614929,  36.4365994 ,  88.44350412],\n",
       "              [ 36.4365994 ,  27.63154445, -44.79170725],\n",
       "              [ 88.44350412, -44.79170725,   3.39460483]]),\n",
       "       array([], dtype=float64),\n",
       "       array([[ 29.60589966,  10.27572859,  31.22730904],\n",
       "              [ 10.27572859, -39.12245508,  54.27194731],\n",
       "              [ 31.22730904,  54.27194731,   9.51655542]]),\n",
       "       array([], dtype=float64), array([], dtype=float64),\n",
       "       array([], dtype=float64), array([], dtype=float64),\n",
       "       array([[ 0.46112213,  3.59558184, -2.38313054],\n",
       "              [ 3.59558184,  5.01257724,  1.65605119],\n",
       "              [-2.38313054,  1.65605119, -5.47369937]]),\n",
       "       array([], dtype=float64), array([], dtype=float64),\n",
       "       array([], dtype=float64), array([], dtype=float64),\n",
       "       array([], dtype=float64), array([], dtype=float64),\n",
       "       array([], dtype=float64), array([], dtype=float64),\n",
       "       array([], dtype=float64),\n",
       "       array([[ 72.47327154, -24.46884615, -29.1745586 ],\n",
       "              [-24.46884615, -10.22608242, -77.19644096],\n",
       "              [-29.1745586 , -77.19644096, -62.24718912]]),\n",
       "       array([], dtype=float64),\n",
       "       array([[ 59.37557153, -21.40396137, -13.5218008 ],\n",
       "              [-21.40396137, -43.94270866,  42.26978404],\n",
       "              [-13.5218008 ,  42.26978404, -15.43286287]]),\n",
       "       array([[-6.15241947,  2.15885668,  1.13930313],\n",
       "              [ 2.15885668,  4.32600127, -3.61803101],\n",
       "              [ 1.13930313, -3.61803101,  1.82641819]]),\n",
       "       array([], dtype=float64), array([], dtype=float64),\n",
       "       array([[ -2.00235005,  58.53848426,  81.45042155],\n",
       "              [ 58.53848426,  11.41797637, -43.04135089],\n",
       "              [ 81.45042155, -43.04135089,  -9.41562632]]),\n",
       "       array([], dtype=float64),\n",
       "       array([[  7.44116225,  52.61784766, -13.97062602],\n",
       "              [ 52.61784766,  13.65842027,  44.35792888],\n",
       "              [-13.97062602,  44.35792888, -21.09958253]]),\n",
       "       array([], dtype=float64), array([], dtype=float64),\n",
       "       array([[-3.11374236, -1.38912861, -3.25593906],\n",
       "              [-1.38912861,  3.78645387, -4.92205242],\n",
       "              [-3.25593906, -4.92205242, -0.67271151]]),\n",
       "       array([], dtype=float64), array([], dtype=float64),\n",
       "       array([], dtype=float64), array([], dtype=float64),\n",
       "       array([], dtype=float64),\n",
       "       array([[ 61.45301134, -25.29688122, -36.96656768],\n",
       "              [-25.29688122, -59.62071832, -79.69511088],\n",
       "              [-36.96656768, -79.69511088,  -1.83229302]]),\n",
       "       array([], dtype=float64),\n",
       "       array([[ 56.519987  , -17.79740115, -19.88167207],\n",
       "              [-17.79740115, -16.58199729,  45.06344788],\n",
       "              [-19.88167207,  45.06344788, -39.93798971]]),\n",
       "       array([], dtype=float64), array([], dtype=float64),\n",
       "       array([[-2.69100761, -2.18908257,  5.48232549],\n",
       "              [-2.18908257,  2.71258814, -2.61762558],\n",
       "              [ 5.48232549, -2.61762558, -0.02158053]]),\n",
       "       array([], dtype=float64), array([], dtype=float64),\n",
       "       array([], dtype=float64), array([], dtype=float64),\n",
       "       array([], dtype=float64),\n",
       "       array([[  8.48490701,  76.10056667,  61.16801616],\n",
       "              [ 76.10056667, -12.02482826, -48.76081377],\n",
       "              [ 61.16801616, -48.76081377,   3.53992125]]),\n",
       "       array([], dtype=float64),\n",
       "       array([[-19.5934462 ,  46.00025943, -40.02234011],\n",
       "              [ 46.00025943,  44.43858717,   8.31879363],\n",
       "              [-40.02234011,   8.31879363, -24.84514097]]),\n",
       "       array([], dtype=float64), array([], dtype=float64),\n",
       "       array([[-3.39699144, -3.0462591 , -1.77122523],\n",
       "              [-3.0462591 ,  0.16914607, -5.05860586],\n",
       "              [-1.77122523, -5.05860586,  3.22784537]]),\n",
       "       array([], dtype=float64), array([], dtype=float64),\n",
       "       array([], dtype=float64), array([], dtype=float64),\n",
       "       array([], dtype=float64),\n",
       "       array([[  57.54094192,  -21.22741045,  -21.60639267],\n",
       "              [ -21.22741045, -116.01652525,  -31.81928432],\n",
       "              [ -21.60639267,  -31.81928432,   58.47558333]]),\n",
       "       array([], dtype=float64),\n",
       "       array([[ 54.30494248, -10.48181371, -31.75222201],\n",
       "              [-10.48181371,  -7.79292678,  39.62784291],\n",
       "              [-31.75222201,  39.62784291, -46.5120157 ]]),\n",
       "       array([], dtype=float64), array([], dtype=float64),\n",
       "       array([[ 0.72153856, -1.35622282,  6.46332969],\n",
       "              [-1.35622282,  0.78720521, -1.91773829],\n",
       "              [ 6.46332969, -1.91773829, -1.50874377]]),\n",
       "       array([], dtype=float64), array([], dtype=float64),\n",
       "       array([], dtype=float64), array([], dtype=float64),\n",
       "       array([], dtype=float64),\n",
       "       array([[  7.43039271,  82.63344686,  51.27785861],\n",
       "              [ 82.63344686, -16.95985106, -48.48160214],\n",
       "              [ 51.27785861, -48.48160214,   9.52945835]]),\n",
       "       array([], dtype=float64),\n",
       "       array([[-73.30417338,   3.79459354, -14.76041417],\n",
       "              [  3.79459354,  19.36628114, -26.71714401],\n",
       "              [-14.76041417, -26.71714401,  53.93789224]]),\n",
       "       array([], dtype=float64), array([], dtype=float64),\n",
       "       array([[-3.17101883, -3.91748318, -0.09114782],\n",
       "              [-3.91748318, -1.51506941, -4.06077681],\n",
       "              [-0.09114782, -4.06077681,  4.68608823]]),\n",
       "       array([], dtype=float64), array([], dtype=float64),\n",
       "       array([], dtype=float64), array([], dtype=float64),\n",
       "       array([], dtype=float64),\n",
       "       array([[ 45.21602696,  -4.33723283,  -0.80497916],\n",
       "              [ -4.33723283, -61.277052  ,  94.74639338],\n",
       "              [ -0.80497916,  94.74639338,  16.06102504]]),\n",
       "       array([], dtype=float64),\n",
       "       array([[ 36.25893521, -28.28330394, -54.18221649],\n",
       "              [-28.28330394,  -0.85765828, -15.96852998],\n",
       "              [-54.18221649, -15.96852998, -35.40127694]]),\n",
       "       array([], dtype=float64),\n",
       "       array([[ 6.87224441,  0.32977683,  1.16913938],\n",
       "              [ 0.32977683, -3.15129206, -3.46733683],\n",
       "              [ 1.16913938, -3.46733683, -3.72095235]]),\n",
       "       array([], dtype=float64), array([], dtype=float64),\n",
       "       array([], dtype=float64), array([], dtype=float64),\n",
       "       array([[-38.14506951,  90.09156972,  21.0421321 ],\n",
       "              [ 90.09156972,  -8.40899151, -40.23951677],\n",
       "              [ 21.0421321 , -40.23951677,  46.55406103]]),\n",
       "       array([], dtype=float64),\n",
       "       array([[ -1.8747864 , -15.84185516,  15.90791709],\n",
       "              [-15.84185516,  -3.71385245,  68.89632497],\n",
       "              [ 15.90791709,  68.89632497,   5.58863885]]),\n",
       "       array([], dtype=float64), array([], dtype=float64),\n",
       "       array([], dtype=float64),\n",
       "       array([[ 0.91831168, -0.39408149,  3.66260321],\n",
       "              [-0.39408149, -3.48684613,  5.06267289],\n",
       "              [ 3.66260321,  5.06267289,  2.56853444]]),\n",
       "       array([], dtype=float64), array([], dtype=float64),\n",
       "       array([], dtype=float64), array([], dtype=float64),\n",
       "       array([], dtype=float64), array([], dtype=float64),\n",
       "       array([], dtype=float64), array([], dtype=float64),\n",
       "       array([[ 37.73517811,  57.09047801,  55.47446572],\n",
       "              [ 57.09047801, -42.19459449, -63.84476518],\n",
       "              [ 55.47446572, -63.84476518,   4.45941638]]),\n",
       "       array([], dtype=float64),\n",
       "       array([[ 64.96631434,  21.47649447,  -6.66866666],\n",
       "              [ 21.47649447, -22.67101316,  38.82710909],\n",
       "              [ -6.66866666,  38.82710909, -42.29530119]]),\n",
       "       array([], dtype=float64),\n",
       "       array([[-5.23912554,  1.40601667, -3.92992737],\n",
       "              [ 1.40601667,  3.46781329, -3.20514145],\n",
       "              [-3.92992737, -3.20514145,  1.77131225]]),\n",
       "       array([], dtype=float64), array([], dtype=float64),\n",
       "       array([], dtype=float64),\n",
       "       array([[-108.14844379,   23.69040382,   49.73470612],\n",
       "              [  23.69040382,   64.01377683,   10.92541078],\n",
       "              [  49.73470612,   10.92541078,   44.13466696]]),\n",
       "       array([], dtype=float64),\n",
       "       array([[ 25.72774809, -38.00445909,   3.06521428],\n",
       "              [-38.00445909,   3.47747311, -55.29727079],\n",
       "              [  3.06521428, -55.29727079, -29.20522121]]),\n",
       "       array([], dtype=float64),\n",
       "       array([[ 0.07723829, -1.22344859,  0.34075859],\n",
       "              [-1.22344859, -1.49586802, -6.72748159],\n",
       "              [ 0.34075859, -6.72748159,  1.41862972]]),\n",
       "       array([], dtype=float64), array([], dtype=float64),\n",
       "       array([], dtype=float64), array([], dtype=float64),\n",
       "       array([[-92.8412072 ,  67.70793014, -28.4260631 ],\n",
       "              [ 67.70793014,  35.41462163,  -6.84442673],\n",
       "              [-28.4260631 ,  -6.84442673,  57.42658557]]),\n",
       "       array([], dtype=float64),\n",
       "       array([[  8.723986  , -21.73182682,  -5.57323188],\n",
       "              [-21.73182682, -13.36105028,  68.07057227],\n",
       "              [ -5.57323188,  68.07057227,   4.63706428]]),\n",
       "       array([], dtype=float64),\n",
       "       array([[-1.18766786, -1.01443466,  3.24588883],\n",
       "              [-1.01443466,  0.20272474,  6.01865811],\n",
       "              [ 3.24588883,  6.01865811,  0.98494312]]),\n",
       "       array([], dtype=float64), array([], dtype=float64),\n",
       "       array([], dtype=float64), array([], dtype=float64),\n",
       "       array([[-20.33575443,  71.88785086,  72.17331515],\n",
       "              [ 71.88785086,   1.97871168, -35.6501033 ],\n",
       "              [ 72.17331515, -35.6501033 ,  18.35704275]]),\n",
       "       array([], dtype=float64),\n",
       "       array([[  9.14145958,   5.93205443, -59.76024854],\n",
       "              [  5.93205443,  10.83438425, -36.99366397],\n",
       "              [-59.76024854, -36.99366397, -19.97584383]]),\n",
       "       array([], dtype=float64), array([], dtype=float64),\n",
       "       array([[-4.27365329, -0.89868637, -3.55247666],\n",
       "              [-0.89868637,  3.56186277, -4.45459988],\n",
       "              [-3.55247666, -4.45459988,  0.71179052]]),\n",
       "       array([], dtype=float64), array([], dtype=float64),\n",
       "       array([], dtype=float64), array([], dtype=float64),\n",
       "       array([], dtype=float64),\n",
       "       array([[-76.54644439, -10.29187871,  77.60029474],\n",
       "              [-10.29187871,  76.65507098,  -5.43935303],\n",
       "              [ 77.60029474,  -5.43935303,  -0.10862659]]),\n",
       "       array([], dtype=float64),\n",
       "       array([[ 61.21582005,  -3.22529104,  23.44278811],\n",
       "              [ -3.22529104, -66.82695427,  24.34505183],\n",
       "              [ 23.44278811,  24.34505183,   5.61113422]]),\n",
       "       array([], dtype=float64),\n",
       "       array([[ 1.49297071,  3.02995343,  2.64451678],\n",
       "              [ 3.02995343, -5.59836504,  2.75924911],\n",
       "              [ 2.64451678,  2.75924911,  4.10539433]]),\n",
       "       array([], dtype=float64), array([], dtype=float64),\n",
       "       array([], dtype=float64), array([], dtype=float64),\n",
       "       array([[-120.85201675,   24.52355007,   12.29019356],\n",
       "              [  24.52355007,   44.84055817,    8.70246584],\n",
       "              [  12.29019356,    8.70246584,   76.01145858]]),\n",
       "       array([], dtype=float64),\n",
       "       array([[ 18.9494029 , -28.45148376,  -6.35959473],\n",
       "              [-28.45148376,  53.20249075, -15.0774103 ],\n",
       "              [ -6.35959473, -15.0774103 , -72.15189365]]),\n",
       "       array([], dtype=float64), array([], dtype=float64),\n",
       "       array([[-4.79853306e-03,  5.75135145e-01,  3.20467225e-01],\n",
       "              [ 5.75135145e-01,  5.62957543e+00, -4.11113019e+00],\n",
       "              [ 3.20467225e-01, -4.11113019e+00, -5.62477690e+00]]),\n",
       "       array([], dtype=float64), array([], dtype=float64),\n",
       "       array([], dtype=float64), array([], dtype=float64),\n",
       "       array([], dtype=float64),\n",
       "       array([[-64.75211623,  92.97752526,  -0.36276146],\n",
       "              [ 92.97752526,  18.7313627 ,  -7.01734066],\n",
       "              [ -0.36276146,  -7.01734066,  46.02075354]]),\n",
       "       array([], dtype=float64),\n",
       "       array([[  3.72842649, -30.92255834, -15.64673529],\n",
       "              [-30.92255834, -59.02229081,  28.22239106],\n",
       "              [-15.64673529,  28.22239106,  55.29386432]]),\n",
       "       array([], dtype=float64), array([], dtype=float64),\n",
       "       array([], dtype=float64), array([], dtype=float64),\n",
       "       array([[-2.86193886, -3.24886599,  1.65707337],\n",
       "              [-3.24886599, -3.68777703,  1.83149988],\n",
       "              [ 1.65707337,  1.83149988,  6.54971589]]),\n",
       "       array([], dtype=float64), array([], dtype=float64),\n",
       "       array([], dtype=float64), array([], dtype=float64),\n",
       "       array([], dtype=float64), array([], dtype=float64),\n",
       "       array([], dtype=float64), array([], dtype=float64),\n",
       "       array([], dtype=float64),\n",
       "       array([[-33.09973227,  39.37275331,  90.97031996],\n",
       "              [ 39.37275331,  26.68174833, -35.70487276],\n",
       "              [ 90.97031996, -35.70487276,   6.41798394]]),\n",
       "       array([], dtype=float64),\n",
       "       array([[ 40.0688996 ,  30.61016962, -38.37961703],\n",
       "              [ 30.61016962,  20.70848519,   0.94774684],\n",
       "              [-38.37961703,   0.94774684, -60.77738479]]),\n",
       "       array([], dtype=float64), array([], dtype=float64),\n",
       "       array([], dtype=float64),\n",
       "       array([[-2.60553174,  2.76511408, -3.81495993],\n",
       "              [ 2.76511408,  5.94315279, -0.41885251],\n",
       "              [-3.81495993, -0.41885251, -3.33762105]]),\n",
       "       array([], dtype=float64), array([], dtype=float64),\n",
