J couplings
{[         0]}    {[  87.9549]}    {[6.9543e-04]}    {[ 0.0530]}    {[ 0.0266]}    {[ 3.3279]}    {[-0.1593]}    {[ 0.0246]}    {[ 5.7955]}    {[-113.4267]}
    {[   87.9549]}    {[        0]}    {[    0.0434]}    {[-0.1023]}    {[ 0.1396]}    {[ 2.9573]}    {[ 0.0410]}    {[-0.0458]}    {[ 0.2407]}    {[-101.7058]}
    {[6.9543e-04]}    {[   0.0434]}    {[         0]}    {[-1.8278]}    {[ 0.3666]}    {[-0.0695]}    {[-0.0481]}    {[-0.0528]}    {[ 0.0889]}    {[  -0.0669]}
    {[    0.0530]}    {[  -0.1023]}    {[   -1.8278]}    {[      0]}    {[ 1.4407]}    {[-0.0578]}    {[-0.0506]}    {[-0.0491]}    {[ 0.1907]}    {[  -0.0480]}
    {[    0.0266]}    {[   0.1396]}    {[    0.3666]}    {[ 1.4407]}    {[      0]}    {[ 0.1124]}    {[ 0.0113]}    {[-0.0426]}    {[ 1.0583]}    {[   0.1540]}
    {[    3.3279]}    {[   2.9573]}    {[   -0.0695]}    {[-0.0578]}    {[ 0.1124]}    {[      0]}    {[ 0.1891]}    {[-0.0331]}    {[-0.1850]}    {[  -0.3232]}
    {[   -0.1593]}    {[   0.0410]}    {[   -0.0481]}    {[-0.0506]}    {[ 0.0113]}    {[ 0.1891]}    {[      0]}    {[ 1.3347]}    {[-0.0770]}    {[   0.0098]}
    {[    0.0246]}    {[  -0.0458]}    {[   -0.0528]}    {[-0.0491]}    {[-0.0426]}    {[-0.0331]}    {[ 1.3347]}    {[      0]}    {[-0.0680]}    {[  -0.0403]}
    {[    5.7955]}    {[   0.2407]}    {[    0.0889]}    {[ 0.1907]}    {[ 1.0583]}    {[-0.1850]}    {[-0.0770]}    {[-0.0680]}    {[      0]}    {[  -1.3422]}
    {[ -113.4267]}    {[-101.7058]}    {[   -0.0669]}    {[-0.0480]}    {[ 0.1540]}    {[-0.3232]}    {[ 0.0098]}    {[-0.0403]}    {[-1.3422]}    {[        0]}o


Isotopes
{'19F'}    {'19F'}    {'1H'}    {'1H'}    {'1H'}    {'1H'}    {'1H'}    {'1H'}    {'1H'}    {'13C'}

Coordinates
{[0.1666 -1.2783 -1.3875]}

    {[0.9661 -2.5748 0.3352]}

    {[4.2344 1.2314 -0.5006]}

    {[2.7307 1.8998 -1.1779]}

    {[2.8928 0.2529 1.3947]}

    {[0.4474 -0.6659 1.8321]}

    {[-1.7462 -0.8907 2.3837]}

    {[-4.1117 -0.4940 1.8959]}

    {[2.4649 -0.4748 -1.5086]}

    {[0.9133 -1.2851 -0.2046]}

Gammas (Gyromagnetic ratios)
1.0e+08 *

    2.5181    2.5181    2.6752    2.6752    2.6752    2.6752    2.6752    2.6752    2.6752    0.6728


Zeeman matrices
 -130.0601  -14.9649  -63.1405
  -14.9649 -215.3146   25.9348
  -63.1405   25.9348 -160.2068

 -157.2094  -12.7347  -67.3755
  -12.7347 -235.8144    5.7085
  -67.3755    5.7085 -228.8689

    2.2651   -0.6354    2.4859
   -0.6354    2.7073   -2.7546
    2.4859   -2.7546    6.9013

    7.0348   -2.4557   -1.2496
   -2.4557    3.6480   -0.3257
   -1.2496   -0.3257    1.9779

    1.5527    0.6046   -2.3124
    0.6046    5.3322    0.1728
   -2.3124    0.1728    4.7300

    4.3528   -1.0174    1.5080
   -1.0174    5.8782    1.7827
    1.5080    1.7827    3.5154

    3.1215    0.1121    1.7281
    0.1121    9.5089    0.5658
    1.7281    0.5658    7.4617

    2.5152    0.8210   -0.8704
    0.8210    6.6786    1.2727
   -0.8704    1.2727    4.7920

    4.4701    0.6055    0.2616
    0.6055    4.4715    1.0493
    0.2616    1.0493    2.7238

  241.3681   -1.4291   -6.1424
   -1.4291  245.7345    3.0563
   -6.1424    3.0563  250.0215














